0.2689356683141594
0.2525887607934493
-0.07628130105224756
0.07429826786347193
0.2743792708120978
0.1938076528911395
-0.1686760693562554
0.21828092692557532
-0.07121293354215233
0.2780899195090244
-0.5808349147268919
-0.58772283905782
-0.34861298213859415
0.09426562468350225
-0.09277262827444396
0.018103810020911326
0.26825525229982794
0.38533385580388746
0.3731357263257794
0.6957810611562582
0.6700316012015495
0.7018327972732429
0.8814184137144762
0.9677259032854993
0.9148742558810167
0.80189110342881
1.0277427568131294
0.5343630945332416
0.4124175612194496
0.2880410125864632
0.32366299055462444
0.6655951383985287
0.5145234814606295
0.5623139647414671
0.5620397133915428
0.29828268873041053
0.628599219191056
0.4751617073388884
0.4981321541610927
0.5077626015375437
0.6595529412244803
0.931161740140325
0.6630578079260596
0.40583651906955287
0.3847868772972476
0.12434042145642416
0.49253417124613064
0.7200156716908542
0.6847025472346046
0.5194793653514197
0.378004924400938
0.3004928981449566
-0.04125547976725219
0.3449710974869017
0.15343141611819738
0.33215916410488455
0.4113364199797668
0.10333173661288508
0.8156696968054423
0.5827764097110528
0.6902527880101932
0.09822491004411427
0.08551668620195674
0.08571711697583706
0.3416121180054438
-0.08507314955312917
0.14649749010330299
-0.3504164783048998
-0.6530527208156464
-0.36506297076316907
0.07091234138462543
-0.3940277940787581
-0.07164858820681633
-0.051302060435943736
0.5305674972026723
-0.15777031750744758
0.17981899918005584
0.5924164945458772
0.81892496124773
0.7447192144478519
0.6626665372196734
0.8907070032756467
0.9420469159896953
0.6138864645437472
0.8495883026336285
1.0248050975021026
1.1608749999574504
1.0342693201476552
1.0588471375521404
1.113273323876141
1.2615011772197189
1.0673697528769157
0.8418751987353613
0.8234887454485825
0.22675478814310202
0.3780576317903589
0.593863711541847
0.8092322572329519
0.8180973339944452
0.6970066923869798
0.726069266878041
0.6603987604870523
0.8123071169596993
0.6502230758628414
0.8022229192251663
1.0675788789684821
1.2124401835417395
1.0762409564894626
1.0779717504448985
0.893329593685923
0.9098264890805984
0.8385719224330607
0.9321737936657007
-0.016433330294672532
-0.36515775374327286
-0.36982974662667806
-0.386983305766855
-0.23949273081157715
-0.13406252403485247
-0.01699953528138115
0.160386009101619
-0.17050723007718566
-0.339930178414228
0.15259891819046423
-0.0272917069465915
0.09414049419617654
0.3476818406142542
0.6113752352761777
0.8224364784959161
0.439497591189273
0.9571084870380434
1.291214175734968
1.2038204102228223
1.1115655295111826
1.1999519301487127
1.2673845134044335
0.787361128801639
0.7776128883448058
1.032818740955657
0.5861024769956861
0.8055487406223966
-0.9698994683696263
-1.387068815197825
0.13804135776080728
0.6117375859842369
-1.2504300463104148
0.4205624706386143
0.12049518690199151
0.6041615850638153
-2.051538711048828
-2.787503928442783
-1.5397661433027778
-0.9930529551314363
-1.8499511627312955
-1.76114046956677
-2.486047535462012
-2.4275165559150045
-2.2520842823753844
-2.0126235129918824
-2.329404224688412
-4.226189550458175
-2.3422476692124934
-0.6723511633716562
-0.1891781283363126
-0.328870207326805
0.033417217219482376
0.5381900837100068
0.4471147041662561
0.6504992959948758
0.7222056808206606
0.90493050103895
0.7893227950994074
0.32430920066427515
0.9901539641698304
1.007014589363128
0.9580735350953017
1.0286764403912492
1.1689166175091121
0.6025471443880472
1.0197272817951863
0.6314994110965593
1.1208441038145462
1.0429368484426602
0.047459358632644555
0.6164448989303385
0.6768412964812857
0.8216613814136889
0.0922581648673112
0.4816551471468643
0.3896105868983014
0.5417091356495621
0.853113371035951
0.6910091363469489
0.3578195581014565
0.5376971908158193
0.09400043931120644
0.01923955465342836
0.10765874674094472
-1.10346170272161
-0.1732176376468171
-0.3968468468975962
-0.12138279650541789
0.17898898849042505
-0.37870052111983543
-0.6553545662531914
0.09172819527655018
-0.19577114990146313
-0.288250208245147
-0.5838368483175393
-1.174796755329735
-2.7298491424478155
-1.512465393685524
-0.4495280733106827
-0.012427778938035872
-0.30915713972864356
0.20609023130281656
0.3507451934379765
0.24043308086365867
0.3319911682016381
0.23019306577152465
0.550150191724797
0.73376725490406
-0.30091434998617617
-2.1438550240120104
-0.8994636677751977
0.22814605108620367
0.05574642255829648
0.6681168781048439
0.4790423112336605
-0.045838939934061795
-0.23264023099236267
-1.0114889282681074
-2.054531677034209
-1.9856763421887864
-1.3253944918952083
-0.8078610479339868
-0.6134237178041392
-0.3393122690897136
-0.2987493200509174
-0.0326696523312584
0.25779706995224705
0.40791849128122304
-0.7311074710014243
-1.923039344576524
-2.185422194624342
-1.6258838383376215
-1.0106174482384032
-0.5120705767681715
-0.7649778737862237
-0.3248454742418853
0.14922969252775292
0.4542857240593695
-0.06202013293826186
0.22541275781800896
-0.9932744129462545
-0.30855050324042593
0.19680172436863147
0.3213915976491428
-0.5500899134960795
-0.046891168531936755
0.049254740522966245
0.21142521871138475
0.7214613964687543
0.21662470789917965
0.028361280223184238
0.84675079650822
1.0099362040715514
0.47118494416055334
0.3218034183829115
-0.37201769414398567
0.3632014493341156
-0.47056743040887977
-0.0739156216053139
-0.23324469225778488
-0.38567764877377186
-0.7034909119991015
-0.08538772985437323
-0.7753530231931793
-0.8496181607661278
-1.1086012353650325
-0.533452429305893
-0.977863745353399
-0.8303985844999339
-1.0163253106931913
-0.6322115219239327
-1.1369005827227463
-0.42474829489934574
-0.1119977648748397
-0.10574589533078327
-1.4828119223605176
-0.366082226288202
-0.722452594979536
0.2221929230758639
0.4461742388150015
-0.1233434031400818
0.18343544348599033
0.09742761483470752
0.5665111384277516
0.6526097323361548
0.751489220354287
0.37659175527930566
0.6171105215344994
0.014207255285731801
-0.73865789346263
-1.5412690849127464
-2.3547039553938283
-1.4058306127925357
-2.47765862176341
-0.15210072028566024
-2.465337272061057
-1.5863436337436418
-0.3281162314058201
-0.5474785261370118
-0.23126004571463746
0.25022913880870923
0.09045444390447466
0.49553592003444114
0.5206099234347243
0.41485591850845016
0.2824845794261297
0.2875955099844555
0.4330049853664891
0.6198260583608007
0.8475869704237448
1.2545967368561843
0.2214152607235963
-2.175782240644334
-0.5105647672234908
-0.23710270767194708
-2.7638566165849547
-0.5128618704682684
0.08581866429682539
0.2690179545691884
0.18658376853351027
-0.26293414456242836
-0.3936630068807687
0.09879641164125286
0.28804643024492393
0.2546498732982333
0.20261551178043635
-0.011169036073487126
-0.21154476387417334
0.5377277517141363
0.6456954201100568
0.277603525648331
0.6088235900050807
0.6954594556571873
0.4720233349762286
0.3094169748586326
0.2187796355960785
0.26394115958061537
-0.033182021724113
0.21674159730416565
0.5792183729008296
-0.5984920312265535
-0.5793548698478107
-0.1655257625978887
-0.6887400300412589
-0.32802041426927475
0.6865955154934082
0.8454564628985585
-0.48583517242795715
0.0863609049380018
0.4648978145547594
0.23939002385478525
0.7220869460659202
0.5215619547881812
0.3220184844836693
-0.1267259830341056
0.7124155655656382
1.668317290243262
0.20981086831304208
0.5118541014566389
0.7208020708711099
0.8170213230741658
0.956871503478477
0.622224001844488
0.9188973386483433
0.7611391301691256
0.058235428597084915
-0.28974443786701953
0.14650108547345775
0.4732124651622689
0.5794010021949882
0.6322992485250615
0.0489280051640853
0.46935698265955683
0.9348536507585129
0.4906207173489707
0.6412013450296236
0.6151098541754798
0.3282499635532896
0.47121364645818054
0.33432644476008333
0.5728940219872205
-0.2928988050164768
0.3033798457239859
0.5923916297381931
0.58458193783263
0.46814548709672765
-0.05393530716817824
-0.8189761490304117
-0.34066967169869966
0.145319701409644
0.5912182755933647
-0.34553288779690083
0.01386757216124962
-0.08644754790613352
-0.38255781911903325
-1.7923168336433983
-1.7472768982436389
-0.5951331988016668
-0.26659161730160486
0.29321160252143674
0.07628163721507975
-0.6287776339905619
-0.6283123285962742
-0.18419941418801355
-0.2519930992223354
-1.718084236604359
-0.4864066287367831
0.04902287059093047
-0.07672043686255181
-1.2225374357100436
-1.383580250307956
-1.3195012352691657
-1.1776334839447546
-0.6576344488577273
-1.1127855782145801
-1.975458909923411
-2.2086139468139097
-2.290995486888407
-2.023421673381259
-0.8334785060749981
-0.508809807914278
-0.2014986095711579
-0.5163725663966383
-0.4992108746758067
-1.098760569550611
-0.7184556815795433
-0.07156399549818807
-0.8311406779339563
-0.7164562324896215
-0.48296444909785974
-0.08045771563251558
0.3359967867771251
0.06019484488873755
-0.7000115532129731
-0.41810506801246317
0.061287467113676775
0.38106141881125133
0.2735472716512525
0.37637697507744483
0.37758068731184213
0.47354326615666775
0.4049171264622681
0.26738193110838715
0.5646293491783669
0.5144340282595611
0.26762651769694557
-1.0519792006235082
-1.870147524534592
-1.3750192677310822
-1.3781238284131065
-1.7364995575158941
-1.3361000404866528
-0.3518669427684986
-1.0193654678731034
-0.7502800992598646
-0.7650474520605695
-0.6724726638948965
-2.3923537528711925
-1.3823394621364238
-0.735076828347818
-0.3861021632453474
-0.3751065852271297
-1.4623686822925235
-1.71734074129736
-1.2284718577080755
-1.895165873981215
-2.2275529825190064
-1.4629402157588243
-2.6301306889962164
-3.341457841291
-1.5108577800757987
-0.044494358330332495
0.023001636649817137
-0.23131792782697014
-0.4016971280365586
0.09707847618615895
-0.2669604044111595
-0.15885269097103813
0.34823868458261287
0.5063256505486682
0.4793300354506579
0.6341525091064412
0.42779341250956293
0.6431845675332853
0.46977989275390364
0.3673218265056444
0.36359526099010686
-0.12057744541815957
-1.5660551076956124
-1.1177219001609293
-0.7288081391317258
-0.3371393609003246
-0.29218070903452115
-1.4132528932049206
-1.0505106464397556
0.2037772398965796
-0.4372446648766539
0.36623160651866526
0.6108219256479772
-0.4244877357524611
0.5143634964759065
0.5340694518412841
0.8842897611839676
1.054007291817007
0.8287247345999215
0.8354266187445504
0.6246840776112903
0.6985659385129238
0.4043022152200316
-0.17735766143555975
-1.6766901076475
-1.081741997419206
0.05883355916016303
0.5755617440531359
-1.2958528389973587
-0.9412189797279158
-0.5131470739361638
0.009572625801225532
0.26183695092254844
0.30684244961240026
-1.5361191805397887
-2.5301768065622254
-0.48438699072188746
-1.7185183571838625
-1.088690103099712
-1.9008341997367602
-3.219066633631701
-1.1694230295116568
-0.6993773686011284
-1.2343004919732143
-0.27854504594159746
0.3313907909563706
0.2966193046610507
-0.11197135216476414
0.33274716481003086
0.30095865784418985
-1.2587246520821123
-0.39854026704552775
-0.1964667527661325
-0.21988937001740252
-0.5809507502463811
-2.062588660879514
-3.361660481188516
-2.343485912261511
-1.9238410513333042
-1.163199991012215
-0.5763559963532575
-0.6048338332534342
-2.228721787318108
-1.5794395288340115
-0.4613469563102706
-0.21839728500901703
0.012811521454032693
0.37976485407027893
-0.2922191861461966
-1.109578943655776
-1.2692909475800558
0.03668299635621819
0.5156716741139019
0.19603503162571728
0.33967238847902903
0.043007893247430484
0.3381915348296246
-0.042289548063765614
-0.009777615714991639
-0.2430021883837805
-0.40809959208987673
-1.607343621607591
-2.3858083605951297
-4.074279672145123
-2.7893277476063085
-1.4115878663141763
-1.2370158932187731
-2.1965513267039185
-2.654354822583276
-1.3516325091978656
-2.066900733191628
-3.1322354563605295
-2.0907458410224007
-2.470507749124428
-2.1074906169822962
-0.4138889947038555
-1.06437119724291
-0.8492559033798067
-0.6025092330958797
-1.140483057954552
-0.00829001779650218
-0.25053842841443796
0.17383666388137559
0.659035013849914
0.5836055989713848
-0.01482362308433166
-0.534463112621643
-1.3895637811441546
-0.705427786146833
-0.2626204225257943
-0.046687152192228076
-0.1752529888235154
-0.5696572956855144
-1.2630802074681828
-2.7027367005826837
-1.3896739020546187
-1.5065727661556552
-1.3930110578829922
-0.9843078054203215
-1.3317624878259848
-2.4307811628720133
-3.4482395137569304
-1.5367824192854136
-1.1539826134683768
-0.8374397349160067
-1.9057295751235426
-1.3544002238000732
-2.1418443866603276
-2.0910080199429366
-2.2923144808144236
-1.183040876240891
-1.289260220063517
-1.8069971565757657
-1.7268234452747375
-2.2573840299858663
-0.9054999209327884
-0.3038896831201165
0.15400567320711622
0.12735451290185051
0.12500311847022005
0.059988661857187486
0.21222153839693592
-0.10335251923360386
0.09117670268962785
-0.7225225097493213
-2.591438857030564
-1.984377764572272
-0.9694032015974704
-1.422912747105249
-0.9132858716859228
-0.9673047907215152
-0.34321867282531693
-1.1112476111194138
-0.8710265896090112
-1.212338354554035
-1.8467144903879773
-2.7581813682566514
-2.680667193811391
-2.2006515848568142
-1.0503512883436348
-0.7266814513403883
-0.20195646244201865
-0.25503582911940226
-0.19047196752755197
0.0034157709978406836
-0.5840065211659071
-0.18979465874545987
-0.14946345917508563
0.30923707749544993
-0.0537255508983249
0.4310981112897627
-0.23901803638934171
0.2710008371371827
0.28597582721072845
-0.23606345217085917
0.07593464955201795
0.172355867020627
0.28594979470198145
-0.5960481692365324
-0.30693637546568764
0.08177026185047287
0.2268706854934548
0.33165620742101976
0.3953016928374147
0.010746464426687141
-0.41195191683259713
-0.6844178563279948
-0.5917508006264824
-0.43920821156094836
-0.38772500536006704
0.20496946875042066
0.3467215618931907
-0.31834466433695335
-0.3460214576701728
-1.9004419591304123
-0.2914524058276017
-0.4961248842644896
0.185353891772154
0.10016905749418353
-0.021051247339770263
-0.676370101949155
-0.7162564710712003
-0.948586000288727
-0.36435776188530467
-0.5264221070503664
-0.3160082241160925
0.026630364374204296
0.26591917421872
0.3048744464415546
0.10412721595930607
0.2088893209647542
0.06547326238398915
0.1400600986193966
-0.10891106290444469
0.10531631963037164
0.11682917651585778
0.25468618475860527
-0.013344298684080658
-0.46742708370400265
0.042204606654483556
0.2728906778026805
-0.028291134337265822
-0.040794532407352924
-0.22679828879487593
0.1844794857442018
-0.3571056333839438
-0.11471363150173694
0.1376112059781583
-0.02980118733268794
-0.9574656817708037
-0.6168534771471688
-0.46377522759513856
-0.18435322051784236
-0.2183182202826677
-0.06936322436395886
-0.2579437070803298
-0.24300524710563265
-0.2881690767497594
-0.7321586562060136
-0.8478742997028805
-0.5372770356593053
-1.3050100490723504
-0.31146140853739407
0.3547314272681258
0.3847084611395256
-0.3062610831481612
-0.7185874305361273
-1.5633769977002112
-0.5933813545147653
-0.326549336350596
-0.23628052390049809
-0.3556205852008023
-0.016190527201817795
-0.5213168692976261
-1.8733935182609072
-1.891460796055361
-0.702628995922518
-0.061243301450662424
-0.1682943941407031
0.2609648829133606
-0.01909989112026833
-0.3351572202099169
-0.3851153749159316
-0.2282825861362159
-0.05347053879265695
-0.09150996282143842
-0.6876300276331107
-1.312004596395115
-0.4371657473022602
-0.5688562412612876
-0.2097292169788986
-0.24404191355461213
-0.5760779805333565
-0.33009009866461797
-0.3118026089876735
-2.1802790076407943
-2.4543545112113194
-1.8021416266229884
-0.28613286076504474
-0.20834257578531243
-0.5749071839342575
0.07710656525058124
0.19038057248990853
0.2683740108349365
-0.020091208004585193
-0.5449360359476134
-0.776244929429678
-0.4341733657303655
-0.9050280221299941
-2.3546358024106024
-1.8641085914048512
-1.5023173145589857
-1.5142503541999064
-1.7299972370113754
-2.9035895043669724
-2.0705002689678693
-2.392430400316645
-3.0252805034339025
-1.4132567507893574
-0.79186693849983
0.05279915277612163
-0.04053128427978775
0.14533156881146786
0.09596154027956005
0.019150214055965176
-0.9545376161982615
-0.8785075603076142
-0.29924693797388846
-0.2763299010991453
-0.7818279277233644
-1.9858982007646886
-1.4690449426945986
-0.278333397109946
-0.10387839097755466
0.40323406054275535
0.2938451108982635
0.08302252224146855
0.36261345670119716
0.5269661726921889
0.6601527927153695
0.6033510251333792
0.2538476790813593
0.4610477718808552
0.5652229280182547
0.6893370049753987
-0.034435364828855064
0.2636081478452512
0.2789231038664103
0.38129825586490496
0.29401343897677257
0.19294270022490378
-0.021763164737228224
0.39155083562701887
0.3764057124945911
0.11442421588759533
0.5167365480017622
-0.10769834341567047
0.12701675829559672
0.05538882826508423
-0.15206793987668987
0.22424034185780195
0.5335660406386301
0.5581632188102336
0.04233936869828475
-0.44773603488717706
-0.33335769328751985
-0.8588938511097127
-2.0432464026330592
-3.1285734159859526
-1.4476569802737749
-1.3452232737463028
-2.802210765894898
-3.634689802836228
-1.1498817836274124
-0.16441288047499364
-0.4482841023528106
-0.18283360809152144
0.16734702045248417
0.06529047411136008
0.09452190258532867
-0.9562628948679471
-0.9143042893586499
-0.39976520950612177
-0.21159375138919317
-0.3778923805881687
-0.24747106086363788
-0.8644698022398679
-0.2069915856614143
-0.10559297350318916
-0.8723454235870388
-2.089655456698113
-1.1229547388235284
0.06583533994018886
-0.08130387810778517
-0.006144802750796319
0.2025465341794218
0.5312408618342886
-0.2286134267138777
-1.2958392842043867
-0.7688347153524503
-0.19686243905946002
-1.2242211783566495
-0.4011722582710562
-0.0038501150439712584
-0.2693400026851769
0.11322512805993318
-0.03609892044159285
-0.004828962721271035
0.19535326757092547
0.12143563816821723
0.07135217479863482
-0.20565044802598093
0.1642872314033551
-0.25976856550404814
-0.07807293903162091
-0.2525830674142727
-0.0818914521302628
0.01399430211185132
-1.3314934495732733
-2.4398349839928115
-2.8267703006753955
-1.2002802811489806
-1.7476999598097396
-0.49265132055391625
-0.55575376288308
-0.052403741505442414
-0.19612370995762307
-0.032254852664249545
-0.3521801736276278
-0.12434876229097802
-0.21081109404338588
-0.06700923368966893
-1.0103379430069723
-0.5450810152203609
-0.6243225756971019
-1.276192535674303
-2.730778389302492
-1.3100196344025332
-0.5371153920089061
-1.0010263342333263
-0.7771472654623175
-2.1236245257102766
-2.5453551542380457
-1.7893450010431495
-0.5965389460586955
-0.7101770534157857
-0.32121860591683277
-0.8062999123440506
-0.7930373847085316
-0.5168905645095948
-0.3221183871369515
0.006330457059631478
-0.0064843413272302475
-1.290479410229863
-0.6065237347797263
-0.024652769250103734
-0.060168950445909475
0.12801017922992008
-0.38695861895721234
-0.7874902916479818
-1.0352870022865932
-1.2133249044661638
-1.0752424698902785
-0.8417148810248369
-0.5773827193682997
-0.8541641823813304
-0.3594474169328059
-0.37809936408791966
0.17491106361752629
0.5158720591452605
0.35233100316762556
0.5355235585058279
0.3922383252677625
0.5823292810869116
0.3788130168172956
-0.2024093284287407
-0.27139069495000206
-0.21627958790922902
-0.844339159111118
-0.15423611879753613
-0.30617693585028394
-0.14673907979502004
0.26209152756048315
0.1628331895416824
-1.191415960333602
-1.996269755625217
-0.2540065977324566
-1.3089274953028829
-1.4682570411966362
-0.6911170102324455
-1.2406953096605589
-1.0087095895024347
-0.347806862919088
-0.3269014281539248
-0.5430070982038955
-1.03026826656585
-1.4171529110074172
-0.9810080702308727
-2.0725768244184013
-3.076071087092395
-1.9968622362865789
-0.3904509723982199
0.003818263150046741
-0.20199640221839615
0.003970634620014013
0.14423320638253861
0.35407936632371895
0.23435629501925426
-0.26007480549364814
-1.4703161935715605
-0.3126096453739541
0.00748904042399956
-0.035238079788912524
-0.15699868689806204
-0.9324848938945752
-0.4690314876687389
-0.5046307612621141
-0.010492322097889417
0.23528992353851796
-0.0641366427039825
0.3126425576886709
0.14034837304503428
0.12680087703899168
-0.3001680501415345
-0.9786606712710116
-0.7625980112035253
-0.9677379827067781
-0.16001201431763348
-0.12987395026527074
0.31248403144238057
-0.13562317177588823
0.3154145872758619
0.5831829547521844
0.7198993259369667
0.5673417720476096
0.5586497224434462
0.9056120134569147
-0.5542164980145354
0.4384004942118759
0.3250103374503214
0.5195629413505007
0.14162469364203284
-0.06452542917309334
0.3523811200943675
0.013912405330440691
-0.22128255500696747
-0.4723915634564755
-0.10301110188322737
-2.3861883315972165
-1.5866488531296135
-0.3574716588649647
-0.3718233372128845
-0.031848741010425174
0.19448189458056753
0.4739857760203595
-0.7011186136942602
-2.6948094928922712
-1.1945111720973332
-1.6723689755055688
-1.9315941408810469
-0.7905829120259209
-0.00937606604067609
0.31558315223346745
0.2574483707363817
0.06781688642211858
-0.5921515817171169
-0.24603021715474754
0.07924279196077494
-0.04348100984100817
0.13769941072345748
0.30074712817887383
0.5379235495924866
0.26938850432007255
-0.37429718479606644
0.13686459601951012
-0.9203832844439231
-0.1806952307120603
0.1207159682920424
-0.14433764198871465
-0.8929406421718254
0.09362224365674054
0.2227334800542936
0.054465200495745436
-0.6534719088194058
-1.1739963401794498
0.18006185066634195
0.7029609393173618
-0.2376222357131829
-0.6376066066121318
0.09744294679124132
0.4018705714410734
0.5328744015759697
0.3699581954320219
-0.5426157550571147
-0.22100873449246786
-0.09761268844102766
-0.09729784085069593
-1.6713587189497994
-0.35864477259272526
-0.4240122216866198
0.09075148225041291
-0.07617190590428008
-0.4908586513765065
-1.4653789186436375
-0.2509578920248602
0.4211657489293831
0.46989179877671317
0.35370772038016085
0.5596607092421148
1.0195235054873821
-0.0610394789082154
0.2747337892973951
-0.3742063112672943
0.20946127410018556
-0.26287939134879224
0.7863612216457233
0.48769743134687216
-0.5075581421701718
0.0405321420483874
0.1051817885271738
-0.06895881097714074
0.18214006631537827
-0.32310446243421687
0.6602746916367026
0.8846587679037002
-0.051221221790229754
-0.6740341525377866
-0.9883049961059484
-1.2994264201730816
-0.8384035818499631
-0.8553633054720244
-0.32151795427046914
-0.1602337804339957
0.029120865802842455
-0.057083472883255576
0.006251480254227504
-0.619698505161197
0.1356055518384463
-0.04347416053634856
-0.372716809067085
0.17239072951162154
-0.2312921724743712
0.3877440737723591
-0.04949564267974371
0.3069126586829666
-0.4656974665670971
-0.7499155284496936
-0.17195535658671707
-0.10693261800605192
-0.10107138749829489
-0.41629663696499913
-0.8094210348297871
-0.44328605906007357
0.07595685305111333
0.20361345236071204
0.5503313505722054
0.3870004095297884
0.11910110910650784
0.33920260100861466
0.47881347818732534
0.8151394427180346
0.7069445703541871
0.6164933646597078
-0.7753968875683455
-0.00978461882522541
-0.6071156293484969
-0.27850684955840144
0.13825179410847266
0.26427819491188487
-0.21461630838408324
-0.9825645385922241
-1.7367240671222208
-0.9961259505889245
-0.21754900726594772
-0.29809890784171794
-0.13685445207316965
-0.001710030379574401
-0.4959536739346058
-0.527149980323088
-0.3351569056431147
-0.09542083569948562
-0.08289164099796822
0.263219858709991
0.12120099425888708
0.7651850655017937
0.8985995178899909
0.767979983153675
0.8736937734344402
-0.16024743839731326
-0.4508649273408362
-0.33588125720271833
0.0600921009986255
-0.3467399686704476
0.11324492851486079
0.5344049722650485
0.7912467019443793
0.9114828445534565
0.9102147600168425
0.9755424267830178
0.47965143908114527
0.8729010876838391
0.89534957312851
0.718818408509524
0.5899277475543397
0.553262840884472
0.2946230512900695
0.3311516683145277
0.49360033766849565
-0.2662223855897464
-0.23661192340336035
-0.011530221867841084
-0.48094097586686235
-0.5662182301256808
-0.6325150270760773
-0.3040581095710089
-0.9361826009280947
-0.4101720280799128
-0.1615391742831666
0.11411660435670623
0.03011165505835589
-0.3097541553672954
-0.21894006756319637
-0.07277606571969208
-0.37907114224629934
-1.17733092803851
-1.487896615120936
-1.0954819413887513
-0.8505813188579535
-0.5784304278399228
-0.3872750428438933
-0.49701129221307083
-0.7554762953293902
-0.8643806474161903
-0.5146293190950246
-0.2844279310791401
-0.1709875937571506
0.08202522040770044
-0.2834366850409813
-0.16769607173339923
-0.07848854202931446
-0.5216583331267527
-0.423235116489286
-0.5790122467309854
0.31324655785732447
0.4575215612890101
0.43183965652032097
0.3966546054383383
0.38026197621814595
0.07012193293828856
0.4045936147830653
0.33680377642569526
0.4771317744823067
0.5770318222130287
0.3481392757441917
0.3099748943941689
0.41792730280470225
0.31228744700676525
-0.3349333219124629
-0.3297090421559159
-0.15652263550594778
-0.3942867033237336
-0.23196308663503773
-0.22469112970452834
-1.2358053432278173
-1.8233231026742556
-2.034795063810342
-2.5011898989589088
-2.4282457824731662
-3.0515052228954462
-2.055797497522356
-0.856001021481824
-0.11035207310601719
0.017624421218202513
0.22547312518517237
0.11024496837511216
0.28403868715919245
0.4132323867731331
0.5192119199115306
0.4416812917746329
0.19215892170867477
0.21366466710901266
-0.024712830794626606
0.2603151766013514
-0.19556093296097368
-0.24313196468819168
0.15876814263863842
0.12964850160386115
-0.05614850327148552
-0.6325757123852747
-0.433467137402562
-0.22774612606715217
0.29581349495905473
0.27833178794969204
0.33729871038790293
0.4438486140164668
0.31423575429717454
0.23451100515811496
0.4755426293762406
0.33561668962007607
0.09898414587945376
-5.281606894928201
-5.547472113217663
-4.275129310831426
-4.9368551159331515
-4.707471839926572
-4.679160581766686
-3.985008348506203
-4.784382271749593
-4.3928566760048025
-3.8853049129737363
-4.087666952949378
-4.233694889012444
-3.859616150367414
-4.191870915634481
-4.487353160958542
-5.431103269811976
-5.959009943153499
-6.026278493046925
-6.318753006733016
-6.2994593780778745
-6.615183590276083
-4.947856989481159
-5.193981395188367
-4.440416552946576
-4.027720648884327
-4.56945394846675
-3.9913621320057215
-4.604266894844436
-4.647402916271638
-3.9442834977620147
-4.445219655750911
-4.979758329011338
-5.151945120616547
-4.90371597012172
-4.7115444369896196
-4.833635626770666
-4.222275389626064
-3.9769864168106412
-4.447986047359039
-3.987221740788302
-3.4925812013072317
-4.008891524771037
-4.470447840166107
-4.469079115258647
-4.690445108612385
-4.4882712256274235
-4.156907864815084
-3.996369942329838
-3.7880154883660855
-3.5930518767295885
-3.664486874614293
-4.110463967448455
-4.16618839068876
-3.9494556716961244
-3.3888400001925856
-3.672128755846895
-3.978632101345607
-4.200792714263967
-3.519086167845875
-3.964286577012124
-4.132225366270211
-4.2120523593665835
-4.492145122248301
-4.365353016905261
-4.012160287358737
-3.7850799187188002
-3.881611397552876
-4.277526028535004
-3.8783748114879812
-3.5323018463939047
-3.4905582244326214
-3.4135464831712703
-3.7734356456445046
-3.8556141385810427
-3.9846273833614556
-3.785979025829236
-3.490319878391147
-3.7005444648590458
-3.700752254769327
-4.128607600022393
-4.286492160876151
-3.7653276708626664
-3.547271917071709
-3.52870934632136
-3.885144440710189
-3.851775113304965
-3.8528294682688293
-4.081442490544002
-3.5350579187432416
-4.145814432452062
-3.8014743369784862
-4.1957426691391575
-4.2570260559998285
-3.447961195488276
-3.767145626884161
-3.557756866107574
-3.6618290180599473
-3.4134365686183097
-3.315426376260983
-3.577748121642667
-3.457156219116772
-4.302881331575076
-4.263620442033685
-4.727387895336164
-5.407556235187746
-5.767817125762167
-5.286475545337724
-5.044412834157869
-4.642225348664817
-4.661529142435255
-4.268741620313695
-3.7972753455332735
-3.711760454916219
-4.125096084097
-6.389739641270862
-6.371482739288584
-7.886615482928557
-8.134914076811793
-8.485348681526965
-6.947457238989104
-7.199240345100041
-6.815060602665905
-6.636770306999977
-5.724712780006156
-6.2069598750368575
-6.994404257369405
-7.1097392513752125
-6.157487001002832
-6.856557056830387
-6.793119049401232
-6.074199632430117
-6.55614587381952
-6.027145385494825
-5.7944567969865775
-5.559180779398889
-5.704848002570132
-5.270599849118166
-6.223866632236262
-5.264464554856202
-4.95760718878668
-5.179442413386974
-6.2908232541538744
-6.045300177131046
-6.387244797749891
-5.822835676574481
-6.106590163192782
-6.918260592789505
-5.653756299664057
-5.721628041072017
-5.671737985820701
-5.405255113141797
-5.687303918302987
-5.769728869336839
-5.317604030425324
-5.236220030678665
-5.230286842045088
-5.052563264265146
-4.692852045279994
-5.31137005281304
-5.290995982126824
-5.439652413206234
-5.013741135518357
-5.159583152219694
-4.9415276893416715
-5.8442301173784434
-5.809242796453639
-6.056939153849047
-5.23134577805978
-5.442018778630354
-6.128740849390245
-5.342068297863645
-5.49513285360157
-4.844557865375785
-5.48536891160937
-5.536708644611654
-5.665857728570919
-5.403527029356933
-5.961873177990291
-5.761998383439785
-5.871944415908333
-5.909373395775908
-5.946882003087596
-5.652306570354546
-5.406133405024096
-5.112841901630125
-4.705127501005357
-4.656792889791857
-4.428734856318814
-3.9355766198493156
-4.40798811417889
-4.512894784949571
-4.322677288468917
-4.745079641722525
-4.342057974656082
-4.155898930109969
-4.137887441914689
-3.8430498491842995
-4.024423657758168
-4.269413088799377
-3.922735441541092
-3.82371008358101
-3.727355752158005
-3.826362811016132
-3.7829391591220762
-3.8920409747753655
-3.8103631192850704
-3.799338684657101
-3.599069463342412
-3.586212775034776
-3.5938783340936005
-3.498751248620654
-3.362863925015344
-3.326982060468393
-3.726106248242689
-3.3303483315061166
-3.7091736387820995
-3.354990368193797
-3.128932193011996
-3.793861190649585
-3.2735444842257118
-3.599770276822389
-3.3374412370159265
-3.738910405187015
-3.447447895445226
-3.5743473742355314
-3.483556681834834
-3.5515346639251923
-3.1627968199468475
-3.314376240298411
-3.159933201154302
-3.2236026543791727
-3.0083812472114353
-2.930493182377354
-3.184787383163294
-3.5056038192439507
-3.2064590258596932
-3.3439088227841185
-3.4157530263105693
-3.3334730279156584
-2.9019485924346435
-3.2113132678998277
-3.402715473702013
-3.4621031293024505
-3.545158325415957
-3.3308297101127122
-3.542274351346583
-3.1673229295138623
-2.9763919484089
-3.353669038359524
-2.9027081328784594
-3.0048095299046014
-3.1657783362492924
-3.0593030277188222
-3.459972902972928
-3.2930388999017994
-3.243963484407845
-3.3690873207946566
-3.1879037208830225
-3.232879588109816
-3.228619415827088
-2.9844462154617806
-2.7319990605489473
-3.405199437274688
-3.0762733077380457
-3.224912921524369
-3.223330514763793
-3.4654502845741066
-3.1536520780479944
-3.167399861605488
-3.5282978716996927
-3.4631618315794674
-8.482771098633323
-8.649699388347159
-8.28307782139177
-7.880730124847135
-8.235285388345218
-7.906414364175628
-8.245501227442977
-7.990584129022076
-7.808638362003966
-8.100369555002697
-7.9286170800117315
-7.763741534343947
-7.5613046526984045
-6.530427153227421
-4.131602490720949
-2.5231795704869686
-2.042453065441139
-1.6392092317549825
-1.2142140987931294
-0.948378785418072
-0.5863043069241978
-1.1156398066942548
-1.2458562136497342
-0.8671556748731434
-1.8557295572300538
-2.250197802638004
-3.020084417632271
-4.450504877275429
-3.467143383612698
-2.13165419499554
-1.066524695283835
-0.8894895663551757
-0.5905939450849971
-0.40613887213730004
-0.3293189909795606
-0.3163519179779313
-0.2593489031842735
-0.2258254361903515
-0.12037865645663215
-0.2391643265721607
-0.5811096634962652
-1.2755375850075812
-1.4974587322056627
-2.119972674499498
-2.1615103723059934
-1.7465940795701975
-1.3978709255716426
-1.3329038237654793
-1.803123119020165
-1.5741452964120715
-1.0362579453385614
-0.4162811174445898
0.13638776035363398
0.07784718347469222
-0.32798251563043107
-0.13338404867737338
-0.5240319731943253
-0.7637551086763037
-0.5951542234108176
-0.07049069375079392
-0.1328539662599882
-0.10997200909297133
-0.25930543486448226
-0.9451956971415568
0.0683604027256759
0.30485824382187043
0.600439508950885
0.7275766872306032
0.7593181664884968
0.6230565193160462
0.7544929780379271
0.6846072693139569
0.9792786459310577
0.9637045645831294
1.022010903331629
0.8442747494141675
1.077315444265607
1.0037906612159375
1.0436081831686437
1.0538522072385317
1.3731027988735645
1.4873100066958158
1.3394196967314018
1.5392490219037804
1.5664080584720064
1.1495646056776696
1.6643015561654693
1.3682925376659911
1.1320225031933524
1.1121574926760722
1.0451359680636316
1.0873191549323677
1.0032900962772162
1.3125013360344857
1.2556419175967806
1.5462614906250503
1.4345704084319122
1.0228172714875794
0.07553372874348391
-1.6524981593304173
-4.33500501271354
-3.09195523762932
-3.556848842402285
-1.4922484474943212
-0.20897080331377554
0.0030487430810968164
-0.2109250671477657
0.291516241041857
0.29604196468654775
0.3991222372685388
0.3723263347978073
0.16845727792503612
-0.09538810807097656
-0.04932924952809392
-0.09208730101370269
0.2751447326852283
-0.18971244894200162
-0.5327622286539226
0.04400102747177986
0.12794836851796898
0.4684858893492948
0.3378827849999556
0.3452750193724623
0.33365285963269253
0.6770503393599164
0.7700648087369574
0.9970153242487468
0.9875523354402084
0.4971869839396935
0.7637117093276148
1.2281349406108055
1.145643885915776
0.8103020306625227
0.6744116368560766
0.6811171946640946
0.9604531341848374
0.7781950002430916
1.0120530531409497
1.0879331364203755
1.0338319446452604
1.0658612006730452
1.1037697573009413
1.1917092328087788
0.8876981883478102
0.5820484676116384
1.022575907628113
-0.8890441116480665
-1.2707049718189434
-0.886906984943913
-0.5207528060515664
-0.51016092670576
-0.11653964110273166
0.3592404091663337
-0.06986658490043726
0.7951648984054102
0.7276650321855517
1.031472601261299
1.2019992360865084
1.263233145012276
1.0834172621159848
0.4061637382184341
0.474337383863237
-0.40731516811618695
-1.257578757838329
-3.0903680112535326
-2.6081656337467436
-1.0980418474746656
-2.0368062209117808
-3.3924827605765757
-1.8571144801312554
-1.2998355299568205
-1.8547061997237586
-3.2375990120333187
-2.5718537686750538
-1.7753004113665862
-0.899011262605857
-0.33269639478202756
-0.2164212509198476
-0.19643334057845807
-0.512163953788685
-0.7657443793576766
-0.21789970702146821
0.27408055648344265
0.5107166364638848
0.7606964361163878
0.7223085548108478
0.8964895686194373
0.7818364202100664
0.8129078885792814
0.32599770142370565
0.5178062162930863
-0.22758948191335424
0.2147543238814842
0.4174648798643391
0.1623045047069666
0.43172021415803974
0.596557515988113
0.7108412673499397
0.32695145239662593
1.173580435837148
0.7458231850111069
0.779295476711
0.16187938734661866
0.4357915570098606
0.20214291449790323
0.11458086201028239
0.037217423939589045
-1.6278150483934457
-1.0915390051772444
-1.3238116152110835
-2.391887424884666
-1.2681419725079757
-0.7932308701245717
-0.5968094079338144
-2.502206046417597
-1.0900910425464994
-1.0580292232729858
-2.507116858940047
-0.7993248526593968
-0.3684135278368982
-0.5786561924894238
-0.4865332116941202
-1.1833111093805517
-1.0428493614924852
-0.04351272958366986
-0.6827000936250021
-1.1890609736456474
-1.9629350456700339
-1.5545421436352296
-1.7086035352114983
-0.7414387939297564
-2.6668374794373806
-1.341705650773498
-1.5981741864903785
-1.8201876882903982
-0.18918399630853094
0.7762134486075979
0.8021902384617318
0.9932650199791541
0.8012182786637662
0.5856131835715089
-0.24811726712146337
-0.9450324816097141
-0.719046580870536
0.18077251837348451
0.8467193721369296
0.6645479621286282
-0.7880806990415073
-0.6266790222336767
0.27942426860405234
0.5891328255267874
0.8385867827118348
0.7952573748032664
0.8762455364988667
1.0525978761300432
0.6887329084957491
1.1477052173177271
0.7831911046274002
0.8074737918447493
0.7315860115310596
0.8250849865443196
-0.7716912063483653
-0.06141720637761652
0.5810160654032733
0.8245580573705885
0.4057897348342915
-0.6084709588292014
-3.007627730937211
-2.9795515045014733
-1.313557086930623
-0.6681479235862944
-0.20353587153066977
0.07964722026529181
-0.2968287547120215
-0.25866896081286844
-0.5035389834973549
-0.38299853124281724
-0.5453057207760786
-0.03704577725788272
0.5121158124548387
0.2763924699909681
-0.1110285494289027
0.3828199061818348
0.7097833341040644
0.31726036727652684
0.3933618066695582
-0.7424739889014778
-0.7505588499961572
-1.4964579940863603
-2.0578165234333037
-2.670246044049789
-1.0499624825759164
-1.7208781244227662
-0.6959454670449561
0.17936750223187087
0.5277424319709131
0.5157851066281999
0.30077067458926865
0.325849147976775
-0.04170418003453985
0.38870810822655044
0.7331359701797372
0.2809544279694218
-0.9180639545316984
-0.7108765573993643
-0.13909151976943804
-0.40188504338621023
-1.925559805772005
-0.9233017820840872
-0.9837227895332079
-0.556703866360584
0.2779954883239749
0.9204229836156866
0.6988991504610824
0.3967737212958604
-0.38946501290307983
-0.679110229699231
0.21335339466846037
0.24519582603419632
-2.2182701917619916
-0.5765690058307219
-0.23339281411043222
-0.8340104248823778
0.10771432714896906
0.13812990406175396
-1.499323660100894
-2.162934200353814
-3.403972600467846
-2.639768248631685
-1.160643529176745
-1.1441803651936118
-1.3858328529538166
-0.9711649583012636
-0.5621982783606492
-0.40375481585819484
-0.6187579747778196
-0.25065615152114645
-0.8603743324003685
-0.05606100874762218
0.013707150256071554
0.2524014006407673
0.16937524627392403
0.09469684067204359
-0.39013374922796296
-0.31313501149694833
-0.3424534128996982
-1.4178646229412761
-0.6008159945485805
-0.5682062370042764
-0.9012445664749642
-0.253727991706211
-0.8781302285142619
-0.8993100540040951
-0.3951632326485065
0.3774816969082968
0.622030228795322
0.5790996970209767
0.4613116790557531
0.7405737616257294
0.2052717048089725
-0.3605906987657628
-0.4323566212130055
-0.46092069425940874
-0.8394479817399295
-0.17174789559097076
0.10076572636445547
0.09354106206932539
-0.6310013894913192
-0.7352731658153004
-2.8515708696547444
-4.129067083165259
-3.622627611137233
-3.5510414937636203
-2.8538366859066207
